{
 "cells": [
  {
   "cell_type": "code",
   "execution_count": 14,
   "metadata": {},
   "outputs": [],
   "source": [
    "run preprocessing.py"
   ]
  },
  {
   "cell_type": "code",
   "execution_count": 16,
   "metadata": {},
   "outputs": [
    {
     "data": {
      "application/vnd.plotly.v1+json": {
       "config": {
        "plotlyServerURL": "https://plot.ly"
       },
       "data": [
        {
         "coloraxis": "coloraxis",
         "hovertemplate": "x: %{x}<br>y: %{y}<br>color: %{z}<extra></extra>",
         "name": "0",
         "type": "heatmap",
         "x": [
          "#YY",
          "MM",
          "DD",
          "hh",
          "mm",
          "WDIR",
          "WSPD",
          "GST",
          "WVHT",
          "DPD",
          "APD",
          "MWD",
          "PRES",
          "ATMP",
          "WTMP"
         ],
         "xaxis": "x",
         "y": [
          "#YY",
          "MM",
          "DD",
          "hh",
          "mm",
          "WDIR",
          "WSPD",
          "GST",
          "WVHT",
          "DPD",
          "APD",
          "MWD",
          "PRES",
          "ATMP",
          "WTMP"
         ],
         "yaxis": "y",
         "z": [
          [
           1,
           0.32391795016762825,
           0.03063113834382381,
           0.0007407976650206067,
           0.018944971812192547,
           0.034443040825803455,
           0.04911473893661776,
           0.04835272498260764,
           0.06913648520902185,
           0.03994247969643924,
           0.04631778116707391,
           0.03399783492381305,
           0.15253453873207773,
           0.2427957772106636,
           0.23466202642859318
          ],
          [
           0.32391795016762825,
           1,
           0.007476298962721023,
           0.000009775775015606616,
           0.0019228866508111963,
           0.015989416408262656,
           0.028974549366318044,
           0.013770257314190536,
           0.028630441497647423,
           0.05074263089326237,
           0.03523336082926317,
           0.06148564454351213,
           0.026636420097954357,
           0.38481174269931356,
           0.5337954546302015
          ],
          [
           0.03063113834382381,
           0.007476298962721023,
           1,
           0.00042407875544930434,
           0.008831047855286569,
           0.019781060014897812,
           0.04245228713842005,
           0.043966107330792294,
           0.0003100621640355964,
           0.025756939638352374,
           0.03702093329617851,
           0.02038754786136037,
           0.022868713284669124,
           0.00958566452845889,
           0.004856365863204112
          ],
          [
           0.0007407976650206067,
           0.000009775775015606616,
           0.00042407875544930434,
           1,
           0.025856908574343137,
           0.04309995268476388,
           0.010463920792807486,
           0.009598040816021343,
           0.00033852559393936395,
           0.015691261986351766,
           0.014135340320293961,
           0.0014348553090030231,
           0.010968262961812827,
           0.011963359815494512,
           0.01572949449716815
          ],
          [
           0.018944971812192547,
           0.0019228866508111963,
           0.008831047855286569,
           0.025856908574343137,
           1,
           0.011422525078384073,
           0.00009747485583762642,
           0.0008485093107011452,
           0.005909695371123157,
           0.001011175197661981,
           0.0021211298586025313,
           0.0019419621782841457,
           0.008384381953341553,
           0.007634115649647159,
           0.004227936928274299
          ],
          [
           0.034443040825803455,
           0.015989416408262656,
           0.019781060014897812,
           0.04309995268476388,
           0.011422525078384073,
           1,
           0.0946720538640013,
           0.11193340249501102,
           0.02790916137073052,
           0.05841290983898567,
           0.08788370660686218,
           0.37068178077405634,
           0.12022427810212201,
           0.1812863041938967,
           0.12286396303179949
          ],
          [
           0.04911473893661776,
           0.028974549366318044,
           0.04245228713842005,
           0.010463920792807486,
           0.00009747485583762642,
           0.0946720538640013,
           1,
           0.9930636918810585,
           0.6390927880149833,
           0.1932046558447053,
           0.16841849430300637,
           0.23974026503008644,
           0.19477208627826367,
           0.3106125176537928,
           0.2482727053868477
          ],
          [
           0.04835272498260764,
           0.013770257314190536,
           0.043966107330792294,
           0.009598040816021343,
           0.0008485093107011452,
           0.11193340249501102,
           0.9930636918810585,
           1,
           0.6553136106378921,
           0.18451662908357297,
           0.1483920742895603,
           0.24316854571466692,
           0.18401064447716092,
           0.33788324966299527,
           0.2562156432703462
          ],
          [
           0.06913648520902185,
           0.028630441497647423,
           0.0003100621640355964,
           0.00033852559393936395,
           0.005909695371123157,
           0.02790916137073052,
           0.6390927880149833,
           0.6553136106378921,
           1,
           0.13888483026869197,
           0.4534494528010948,
           0.058168565637377885,
           0.24472415326354688,
           0.24847586100829314,
           0.20822505360074023
          ],
          [
           0.03994247969643924,
           0.05074263089326237,
           0.025756939638352374,
           0.015691261986351766,
           0.001011175197661981,
           0.05841290983898567,
           0.1932046558447053,
           0.18451662908357297,
           0.13888483026869197,
           1,
           0.5969323933163412,
           0.34633940661480733,
           0.00996668991477548,
           0.0595032025914667,
           0.03980161216948107
          ],
          [
           0.04631778116707391,
           0.03523336082926317,
           0.03702093329617851,
           0.014135340320293961,
           0.0021211298586025313,
           0.08788370660686218,
           0.16841849430300637,
           0.1483920742895603,
           0.4534494528010948,
           0.5969323933163412,
           1,
           0.29368614346577826,
           0.09693584497712945,
           0.014258082733986531,
           0.00023464443930846986
          ],
          [
           0.03399783492381305,
           0.06148564454351213,
           0.02038754786136037,
           0.0014348553090030231,
           0.0019419621782841457,
           0.37068178077405634,
           0.23974026503008644,
           0.24316854571466692,
           0.058168565637377885,
           0.34633940661480733,
           0.29368614346577826,
           1,
           0.1305741938496012,
           0.1311353325178335,
           0.10327775852324107
          ],
          [
           0.15253453873207773,
           0.026636420097954357,
           0.022868713284669124,
           0.010968262961812827,
           0.008384381953341553,
           0.12022427810212201,
           0.19477208627826367,
           0.18401064447716092,
           0.24472415326354688,
           0.00996668991477548,
           0.09693584497712945,
           0.1305741938496012,
           1,
           0.15008571044360972,
           0.060588737946832914
          ],
          [
           0.2427957772106636,
           0.38481174269931356,
           0.00958566452845889,
           0.011963359815494512,
           0.007634115649647159,
           0.1812863041938967,
           0.3106125176537928,
           0.33788324966299527,
           0.24847586100829314,
           0.0595032025914667,
           0.014258082733986531,
           0.1311353325178335,
           0.15008571044360972,
           1,
           0.9291109311959709
          ],
          [
           0.23466202642859318,
           0.5337954546302015,
           0.004856365863204112,
           0.01572949449716815,
           0.004227936928274299,
           0.12286396303179949,
           0.2482727053868477,
           0.2562156432703462,
           0.20822505360074023,
           0.03980161216948107,
           0.00023464443930846986,
           0.10327775852324107,
           0.060588737946832914,
           0.9291109311959709,
           1
          ]
         ]
        }
       ],
       "layout": {
        "coloraxis": {
         "colorscale": [
          [
           0,
           "#0d0887"
          ],
          [
           0.1111111111111111,
           "#46039f"
          ],
          [
           0.2222222222222222,
           "#7201a8"
          ],
          [
           0.3333333333333333,
           "#9c179e"
          ],
          [
           0.4444444444444444,
           "#bd3786"
          ],
          [
           0.5555555555555556,
           "#d8576b"
          ],
          [
           0.6666666666666666,
           "#ed7953"
          ],
          [
           0.7777777777777778,
           "#fb9f3a"
          ],
          [
           0.8888888888888888,
           "#fdca26"
          ],
          [
           1,
           "#f0f921"
          ]
         ]
        },
        "margin": {
         "t": 60
        },
        "template": {
         "data": {
          "bar": [
           {
            "error_x": {
             "color": "#2a3f5f"
            },
            "error_y": {
             "color": "#2a3f5f"
            },
            "marker": {
             "line": {
              "color": "#E5ECF6",
              "width": 0.5
             },
             "pattern": {
              "fillmode": "overlay",
              "size": 10,
              "solidity": 0.2
             }
            },
            "type": "bar"
           }
          ],
          "barpolar": [
           {
            "marker": {
             "line": {
              "color": "#E5ECF6",
              "width": 0.5
             },
             "pattern": {
              "fillmode": "overlay",
              "size": 10,
              "solidity": 0.2
             }
            },
            "type": "barpolar"
           }
          ],
          "carpet": [
           {
            "aaxis": {
             "endlinecolor": "#2a3f5f",
             "gridcolor": "white",
             "linecolor": "white",
             "minorgridcolor": "white",
             "startlinecolor": "#2a3f5f"
            },
            "baxis": {
             "endlinecolor": "#2a3f5f",
             "gridcolor": "white",
             "linecolor": "white",
             "minorgridcolor": "white",
             "startlinecolor": "#2a3f5f"
            },
            "type": "carpet"
           }
          ],
          "choropleth": [
           {
            "colorbar": {
             "outlinewidth": 0,
             "ticks": ""
            },
            "type": "choropleth"
           }
          ],
          "contour": [
           {
            "colorbar": {
             "outlinewidth": 0,
             "ticks": ""
            },
            "colorscale": [
             [
              0,
              "#0d0887"
             ],
             [
              0.1111111111111111,
              "#46039f"
             ],
             [
              0.2222222222222222,
              "#7201a8"
             ],
             [
              0.3333333333333333,
              "#9c179e"
             ],
             [
              0.4444444444444444,
              "#bd3786"
             ],
             [
              0.5555555555555556,
              "#d8576b"
             ],
             [
              0.6666666666666666,
              "#ed7953"
             ],
             [
              0.7777777777777778,
              "#fb9f3a"
             ],
             [
              0.8888888888888888,
              "#fdca26"
             ],
             [
              1,
              "#f0f921"
             ]
            ],
            "type": "contour"
           }
          ],
          "contourcarpet": [
           {
            "colorbar": {
             "outlinewidth": 0,
             "ticks": ""
            },
            "type": "contourcarpet"
           }
          ],
          "heatmap": [
           {
            "colorbar": {
             "outlinewidth": 0,
             "ticks": ""
            },
            "colorscale": [
             [
              0,
              "#0d0887"
             ],
             [
              0.1111111111111111,
              "#46039f"
             ],
             [
              0.2222222222222222,
              "#7201a8"
             ],
             [
              0.3333333333333333,
              "#9c179e"
             ],
             [
              0.4444444444444444,
              "#bd3786"
             ],
             [
              0.5555555555555556,
              "#d8576b"
             ],
             [
              0.6666666666666666,
              "#ed7953"
             ],
             [
              0.7777777777777778,
              "#fb9f3a"
             ],
             [
              0.8888888888888888,
              "#fdca26"
             ],
             [
              1,
              "#f0f921"
             ]
            ],
            "type": "heatmap"
           }
          ],
          "heatmapgl": [
           {
            "colorbar": {
             "outlinewidth": 0,
             "ticks": ""
            },
            "colorscale": [
             [
              0,
              "#0d0887"
             ],
             [
              0.1111111111111111,
              "#46039f"
             ],
             [
              0.2222222222222222,
              "#7201a8"
             ],
             [
              0.3333333333333333,
              "#9c179e"
             ],
             [
              0.4444444444444444,
              "#bd3786"
             ],
             [
              0.5555555555555556,
              "#d8576b"
             ],
             [
              0.6666666666666666,
              "#ed7953"
             ],
             [
              0.7777777777777778,
              "#fb9f3a"
             ],
             [
              0.8888888888888888,
              "#fdca26"
             ],
             [
              1,
              "#f0f921"
             ]
            ],
            "type": "heatmapgl"
           }
          ],
          "histogram": [
           {
            "marker": {
             "pattern": {
              "fillmode": "overlay",
              "size": 10,
              "solidity": 0.2
             }
            },
            "type": "histogram"
           }
          ],
          "histogram2d": [
           {
            "colorbar": {
             "outlinewidth": 0,
             "ticks": ""
            },
            "colorscale": [
             [
              0,
              "#0d0887"
             ],
             [
              0.1111111111111111,
              "#46039f"
             ],
             [
              0.2222222222222222,
              "#7201a8"
             ],
             [
              0.3333333333333333,
              "#9c179e"
             ],
             [
              0.4444444444444444,
              "#bd3786"
             ],
             [
              0.5555555555555556,
              "#d8576b"
             ],
             [
              0.6666666666666666,
              "#ed7953"
             ],
             [
              0.7777777777777778,
              "#fb9f3a"
             ],
             [
              0.8888888888888888,
              "#fdca26"
             ],
             [
              1,
              "#f0f921"
             ]
            ],
            "type": "histogram2d"
           }
          ],
          "histogram2dcontour": [
           {
            "colorbar": {
             "outlinewidth": 0,
             "ticks": ""
            },
            "colorscale": [
             [
              0,
              "#0d0887"
             ],
             [
              0.1111111111111111,
              "#46039f"
             ],
             [
              0.2222222222222222,
              "#7201a8"
             ],
             [
              0.3333333333333333,
              "#9c179e"
             ],
             [
              0.4444444444444444,
              "#bd3786"
             ],
             [
              0.5555555555555556,
              "#d8576b"
             ],
             [
              0.6666666666666666,
              "#ed7953"
             ],
             [
              0.7777777777777778,
              "#fb9f3a"
             ],
             [
              0.8888888888888888,
              "#fdca26"
             ],
             [
              1,
              "#f0f921"
             ]
            ],
            "type": "histogram2dcontour"
           }
          ],
          "mesh3d": [
           {
            "colorbar": {
             "outlinewidth": 0,
             "ticks": ""
            },
            "type": "mesh3d"
           }
          ],
          "parcoords": [
           {
            "line": {
             "colorbar": {
              "outlinewidth": 0,
              "ticks": ""
             }
            },
            "type": "parcoords"
           }
          ],
          "pie": [
           {
            "automargin": true,
            "type": "pie"
           }
          ],
          "scatter": [
           {
            "fillpattern": {
             "fillmode": "overlay",
             "size": 10,
             "solidity": 0.2
            },
            "type": "scatter"
           }
          ],
          "scatter3d": [
           {
            "line": {
             "colorbar": {
              "outlinewidth": 0,
              "ticks": ""
             }
            },
            "marker": {
             "colorbar": {
              "outlinewidth": 0,
              "ticks": ""
             }
            },
            "type": "scatter3d"
           }
          ],
          "scattercarpet": [
           {
            "marker": {
             "colorbar": {
              "outlinewidth": 0,
              "ticks": ""
             }
            },
            "type": "scattercarpet"
           }
          ],
          "scattergeo": [
           {
            "marker": {
             "colorbar": {
              "outlinewidth": 0,
              "ticks": ""
             }
            },
            "type": "scattergeo"
           }
          ],
          "scattergl": [
           {
            "marker": {
             "colorbar": {
              "outlinewidth": 0,
              "ticks": ""
             }
            },
            "type": "scattergl"
           }
          ],
          "scattermapbox": [
           {
            "marker": {
             "colorbar": {
              "outlinewidth": 0,
              "ticks": ""
             }
            },
            "type": "scattermapbox"
           }
          ],
          "scatterpolar": [
           {
            "marker": {
             "colorbar": {
              "outlinewidth": 0,
              "ticks": ""
             }
            },
            "type": "scatterpolar"
           }
          ],
          "scatterpolargl": [
           {
            "marker": {
             "colorbar": {
              "outlinewidth": 0,
              "ticks": ""
             }
            },
            "type": "scatterpolargl"
           }
          ],
          "scatterternary": [
           {
            "marker": {
             "colorbar": {
              "outlinewidth": 0,
              "ticks": ""
             }
            },
            "type": "scatterternary"
           }
          ],
          "surface": [
           {
            "colorbar": {
             "outlinewidth": 0,
             "ticks": ""
            },
            "colorscale": [
             [
              0,
              "#0d0887"
             ],
             [
              0.1111111111111111,
              "#46039f"
             ],
             [
              0.2222222222222222,
              "#7201a8"
             ],
             [
              0.3333333333333333,
              "#9c179e"
             ],
             [
              0.4444444444444444,
              "#bd3786"
             ],
             [
              0.5555555555555556,
              "#d8576b"
             ],
             [
              0.6666666666666666,
              "#ed7953"
             ],
             [
              0.7777777777777778,
              "#fb9f3a"
             ],
             [
              0.8888888888888888,
              "#fdca26"
             ],
             [
              1,
              "#f0f921"
             ]
            ],
            "type": "surface"
           }
          ],
          "table": [
           {
            "cells": {
             "fill": {
              "color": "#EBF0F8"
             },
             "line": {
              "color": "white"
             }
            },
            "header": {
             "fill": {
              "color": "#C8D4E3"
             },
             "line": {
              "color": "white"
             }
            },
            "type": "table"
           }
          ]
         },
         "layout": {
          "annotationdefaults": {
           "arrowcolor": "#2a3f5f",
           "arrowhead": 0,
           "arrowwidth": 1
          },
          "autotypenumbers": "strict",
          "coloraxis": {
           "colorbar": {
            "outlinewidth": 0,
            "ticks": ""
           }
          },
          "colorscale": {
           "diverging": [
            [
             0,
             "#8e0152"
            ],
            [
             0.1,
             "#c51b7d"
            ],
            [
             0.2,
             "#de77ae"
            ],
            [
             0.3,
             "#f1b6da"
            ],
            [
             0.4,
             "#fde0ef"
            ],
            [
             0.5,
             "#f7f7f7"
            ],
            [
             0.6,
             "#e6f5d0"
            ],
            [
             0.7,
             "#b8e186"
            ],
            [
             0.8,
             "#7fbc41"
            ],
            [
             0.9,
             "#4d9221"
            ],
            [
             1,
             "#276419"
            ]
           ],
           "sequential": [
            [
             0,
             "#0d0887"
            ],
            [
             0.1111111111111111,
             "#46039f"
            ],
            [
             0.2222222222222222,
             "#7201a8"
            ],
            [
             0.3333333333333333,
             "#9c179e"
            ],
            [
             0.4444444444444444,
             "#bd3786"
            ],
            [
             0.5555555555555556,
             "#d8576b"
            ],
            [
             0.6666666666666666,
             "#ed7953"
            ],
            [
             0.7777777777777778,
             "#fb9f3a"
            ],
            [
             0.8888888888888888,
             "#fdca26"
            ],
            [
             1,
             "#f0f921"
            ]
           ],
           "sequentialminus": [
            [
             0,
             "#0d0887"
            ],
            [
             0.1111111111111111,
             "#46039f"
            ],
            [
             0.2222222222222222,
             "#7201a8"
            ],
            [
             0.3333333333333333,
             "#9c179e"
            ],
            [
             0.4444444444444444,
             "#bd3786"
            ],
            [
             0.5555555555555556,
             "#d8576b"
            ],
            [
             0.6666666666666666,
             "#ed7953"
            ],
            [
             0.7777777777777778,
             "#fb9f3a"
            ],
            [
             0.8888888888888888,
             "#fdca26"
            ],
            [
             1,
             "#f0f921"
            ]
           ]
          },
          "colorway": [
           "#636efa",
           "#EF553B",
           "#00cc96",
           "#ab63fa",
           "#FFA15A",
           "#19d3f3",
           "#FF6692",
           "#B6E880",
           "#FF97FF",
           "#FECB52"
          ],
          "font": {
           "color": "#2a3f5f"
          },
          "geo": {
           "bgcolor": "white",
           "lakecolor": "white",
           "landcolor": "#E5ECF6",
           "showlakes": true,
           "showland": true,
           "subunitcolor": "white"
          },
          "hoverlabel": {
           "align": "left"
          },
          "hovermode": "closest",
          "mapbox": {
           "style": "light"
          },
          "paper_bgcolor": "white",
          "plot_bgcolor": "#E5ECF6",
          "polar": {
           "angularaxis": {
            "gridcolor": "white",
            "linecolor": "white",
            "ticks": ""
           },
           "bgcolor": "#E5ECF6",
           "radialaxis": {
            "gridcolor": "white",
            "linecolor": "white",
            "ticks": ""
           }
          },
          "scene": {
           "xaxis": {
            "backgroundcolor": "#E5ECF6",
            "gridcolor": "white",
            "gridwidth": 2,
            "linecolor": "white",
            "showbackground": true,
            "ticks": "",
            "zerolinecolor": "white"
           },
           "yaxis": {
            "backgroundcolor": "#E5ECF6",
            "gridcolor": "white",
            "gridwidth": 2,
            "linecolor": "white",
            "showbackground": true,
            "ticks": "",
            "zerolinecolor": "white"
           },
           "zaxis": {
            "backgroundcolor": "#E5ECF6",
            "gridcolor": "white",
            "gridwidth": 2,
            "linecolor": "white",
            "showbackground": true,
            "ticks": "",
            "zerolinecolor": "white"
           }
          },
          "shapedefaults": {
           "line": {
            "color": "#2a3f5f"
           }
          },
          "ternary": {
           "aaxis": {
            "gridcolor": "white",
            "linecolor": "white",
            "ticks": ""
           },
           "baxis": {
            "gridcolor": "white",
            "linecolor": "white",
            "ticks": ""
           },
           "bgcolor": "#E5ECF6",
           "caxis": {
            "gridcolor": "white",
            "linecolor": "white",
            "ticks": ""
           }
          },
          "title": {
           "x": 0.05
          },
          "xaxis": {
           "automargin": true,
           "gridcolor": "white",
           "linecolor": "white",
           "ticks": "",
           "title": {
            "standoff": 15
           },
           "zerolinecolor": "white",
           "zerolinewidth": 2
          },
          "yaxis": {
           "automargin": true,
           "gridcolor": "white",
           "linecolor": "white",
           "ticks": "",
           "title": {
            "standoff": 15
           },
           "zerolinecolor": "white",
           "zerolinewidth": 2
          }
         }
        },
        "xaxis": {
         "anchor": "y",
         "constrain": "domain",
         "domain": [
          0,
          1
         ],
         "scaleanchor": "y"
        },
        "yaxis": {
         "anchor": "x",
         "autorange": "reversed",
         "constrain": "domain",
         "domain": [
          0,
          1
         ]
        }
       }
      }
     },
     "metadata": {},
     "output_type": "display_data"
    }
   ],
   "source": [
    "# correlation between target and feature variables \n",
    "px.imshow(bouy_data.corr().abs())"
   ]
  },
  {
   "cell_type": "code",
   "execution_count": 11,
   "metadata": {},
   "outputs": [
    {
     "data": {
      "application/vnd.plotly.v1+json": {
       "config": {
        "plotlyServerURL": "https://plot.ly"
       },
       "data": [
        {
         "hovertemplate": "x=%{x}<br>y=%{y}<extra></extra>",
         "legendgroup": "",
         "marker": {
          "color": "#636efa",
          "symbol": "circle"
         },
         "mode": "markers",
         "name": "",
         "showlegend": false,
         "type": "scattergl",
         "x": [
          0.3,
          1.02,
          1.54,
          1.96,
          1.34,
          1.27,
          1.15,
          1.19,
          1.19,
          1.03,
          1.03,
          0.94,
          1.32,
          1.44,
          1.63,
          1.6,
          1.43,
          1.3,
          1.29,
          1.19,
          1.2,
          1.11,
          1.11,
          1.16,
          1.1,
          1.12,
          1.13,
          1.13,
          1.12,
          1.06,
          1.07,
          1.15,
          1.23,
          1.14,
          1.13,
          1.2,
          1.12,
          1.07,
          1.03,
          1.11,
          1.09,
          1.01,
          1.09,
          0.91,
          0.95,
          0.94,
          0.86,
          0.92,
          0.81,
          0.79,
          0.84,
          0.8,
          0.95,
          0.88,
          0.8,
          0.83,
          0.77,
          0.72,
          0.72,
          0.66,
          0.62,
          0.72,
          0.72,
          0.73,
          0.72,
          0.78,
          0.73,
          0.68,
          0.67,
          0.64,
          0.65,
          0.59,
          0.63,
          0.63,
          0.61,
          0.69,
          0.8,
          0.91,
          1.01,
          0.99,
          1.07,
          1.05,
          1.12,
          1.17,
          1.21,
          1.29,
          1.41,
          1.58,
          1.52,
          1.55,
          1.58,
          1.56,
          1.5,
          1.48,
          1.35,
          1.46,
          1.4,
          1.41,
          1.38,
          1.3,
          1.38,
          1.19,
          1.2,
          1.21,
          1.15,
          1.15,
          1.12,
          1.14,
          1.09,
          1.09,
          1.07,
          1.07,
          1.03,
          1,
          1.01,
          0.97,
          1.04,
          0.94,
          0.93,
          0.96,
          0.93,
          0.94,
          0.93,
          0.93,
          0.94,
          0.92,
          0.89,
          0.96,
          0.95,
          0.98,
          0.94,
          1,
          0.9,
          0.94,
          1,
          0.94,
          0.86,
          0.89,
          0.92,
          0.92,
          1.03,
          0.96,
          0.97,
          1.04,
          1.04,
          1.11,
          1.11,
          1.07,
          1.1,
          1.17,
          1.15,
          1.13,
          1.26,
          1.2,
          1.22,
          1.29,
          1.24,
          1.24,
          1.25,
          1.35,
          1.42,
          1.39,
          1.4,
          1.43,
          1.43,
          1.48,
          1.58,
          1.49,
          1.45,
          1.41,
          1.44,
          1.38,
          1.36,
          1.38,
          1.31,
          1.34,
          1.37,
          1.31,
          1.39,
          1.32,
          1.38,
          1.42,
          1.5,
          1.37,
          1.55,
          1.47,
          1.49,
          1.51,
          1.38,
          1.23,
          1.3,
          1.3,
          1.34,
          1.31,
          1.33,
          1.35,
          1.28,
          1.28,
          1.28,
          1.39,
          1.38,
          1.31,
          1.35,
          1.49,
          1.4,
          1.32,
          1.44,
          1.43,
          1.37,
          1.54,
          1.5,
          1.56,
          1.62,
          1.65,
          1.81,
          1.9,
          1.92,
          2.11,
          2.07,
          2.08,
          2.19,
          2.3,
          2.18,
          2.14,
          1.96,
          1.95,
          1.76,
          1.74,
          1.76,
          1.85,
          2.1,
          2.03,
          2.19,
          2.35,
          2.7,
          2.49,
          2.8,
          2.99,
          2.94,
          3.01,
          3.09,
          2.84,
          2.73,
          2.4,
          2.68,
          2.67,
          2.31,
          2.56,
          2.5,
          2.59,
          2.64,
          2.77,
          2.69,
          2.59,
          2.25,
          2.33,
          2.24,
          2.2,
          2.11,
          2.09,
          2.11,
          1.97,
          2.18,
          1.99,
          1.88,
          1.97,
          1.93,
          1.75,
          1.77,
          1.78,
          1.57,
          1.47,
          1.6,
          1.63,
          1.61,
          1.54,
          1.67,
          1.69,
          1.51,
          1.45,
          1.37,
          1.23,
          1.27,
          1.32,
          1.35,
          1.34,
          1.4,
          1.44,
          1.33,
          1.42,
          1.23,
          1.32,
          1.32,
          1.41,
          1.44,
          1.45,
          1.46,
          1.34,
          1.46,
          1.46,
          1.4,
          1.47,
          1.39,
          1.38,
          1.27,
          1.22,
          1.21,
          1.24,
          1.2,
          1.25,
          1.17,
          1.2,
          1.25,
          1.19,
          1.3,
          1.26,
          1.31,
          1.25,
          1.16,
          1.12,
          1.1,
          1.04,
          1.07,
          1.12,
          1.09,
          1.21,
          1.29,
          1.27,
          1.3,
          1.4,
          1.33,
          1.27,
          1.15,
          1.18,
          1.1,
          1.13,
          1.14,
          1.02,
          1.08,
          0.97,
          1.1,
          1.04,
          1.02,
          0.97,
          1.04,
          1.04,
          0.91,
          0.95,
          1.08,
          1.05,
          0.99,
          1.03,
          1,
          0.94,
          0.99,
          0.86,
          0.84,
          0.78,
          0.78,
          0.87,
          0.88,
          0.93,
          0.88,
          0.94,
          1,
          1,
          0.94,
          0.93,
          0.98,
          1.07,
          1.06,
          1.1,
          1.11,
          1.29,
          1.45,
          1.4,
          1.4,
          1.29,
          1.16,
          1.2,
          1.22,
          1.16,
          1.14,
          1.27,
          1.54,
          1.65,
          1.71,
          1.91,
          2.28,
          2.22,
          2.34,
          2.16,
          2.09,
          2.11,
          1.89,
          1.88,
          1.99,
          1.99,
          1.99,
          1.99,
          1.89,
          1.84,
          1.91,
          1.84,
          1.91,
          1.82,
          1.63,
          1.62,
          1.54,
          1.5,
          1.44,
          1.45,
          1.39,
          1.33,
          1.36,
          1.32,
          1.32,
          1.24,
          1.19,
          1.21,
          1.1,
          1.08,
          1.06,
          1.01,
          1.1,
          0.98,
          0.93,
          0.88,
          0.85,
          1.14,
          1.33,
          1.14,
          1.1,
          0.97,
          0.9,
          0.81,
          0.71,
          0.68,
          0.61,
          0.57,
          0.56,
          0.55,
          0.52,
          0.57,
          0.7,
          0.83,
          1.07,
          1.25,
          1.24,
          1.29,
          1.2,
          1.14,
          1.08,
          1.15,
          1.04,
          1.06,
          1.06,
          1.1,
          1.08,
          1.08,
          1.18,
          1.19,
          1.32,
          1.31,
          1.22,
          1.18,
          1.06,
          1.09,
          1.16,
          1.23,
          1.32,
          1.43,
          1.6,
          1.85,
          1.85,
          2.01,
          2.12,
          2.06,
          2.28,
          2.15,
          2.39,
          2.16,
          2.31,
          2.25,
          2.08,
          2.3,
          2.21,
          2.41,
          2.21,
          2.33,
          2.15,
          1.96,
          2,
          2.02,
          2.06,
          2.2,
          2.24,
          2.24,
          2.14,
          2.05,
          2.05,
          2.28,
          2.02,
          1.85,
          1.88,
          1.74,
          1.66,
          1.65,
          1.57,
          1.51,
          1.53,
          1.52,
          1.47,
          1.38,
          1.4,
          1.37,
          1.3,
          1.34,
          1.53,
          1.41,
          1.55,
          1.55,
          1.48,
          1.55,
          1.46,
          1.59,
          1.36,
          1.3,
          1.31,
          1.22,
          1.18,
          1.06,
          1.08,
          1.05,
          1.03,
          1.07,
          1.14,
          1.08,
          1.33,
          1.14,
          1.1,
          1.07,
          1.2,
          1.28,
          1.17,
          1.16,
          1.02,
          0.96,
          0.92,
          0.93,
          0.83,
          0.68,
          0.68,
          0.67,
          0.64,
          0.66,
          0.67,
          0.68,
          0.8,
          0.83,
          0.93,
          0.84,
          0.79,
          0.89,
          0.97,
          1.01,
          0.79,
          0.75,
          0.68,
          0.59,
          0.59,
          0.58,
          0.55,
          0.59,
          0.58,
          0.54,
          0.54,
          0.52,
          0.51,
          0.52,
          0.51,
          0.56,
          0.54,
          0.6,
          0.57,
          0.66,
          0.68,
          0.6,
          0.64,
          0.65,
          0.59,
          0.6,
          0.56,
          0.57,
          0.64,
          0.66,
          0.63,
          0.68,
          0.59,
          0.6,
          0.65,
          0.66,
          0.58,
          0.69,
          0.75,
          0.9,
          0.94,
          0.87,
          0.89,
          0.81,
          0.74,
          0.78,
          0.8,
          0.88,
          1.02,
          0.98,
          1.07,
          1.1,
          1.11,
          1.21,
          1.14,
          1.1,
          1.07,
          1.07,
          1.1,
          1.15,
          1.14,
          1.18,
          1.27,
          1.26,
          1.19,
          1.22,
          1.22,
          1.2,
          1.38,
          1.64,
          1.63,
          1.52,
          1.52,
          1.45,
          1.43,
          1.36,
          1.34,
          1.35,
          1.29,
          1.38,
          1.24,
          1.34,
          1.4,
          1.37,
          1.35,
          1.51,
          1.42,
          1.53,
          1.64,
          1.77,
          1.99,
          2.05,
          1.95,
          1.92,
          2.15,
          1.9,
          2.03,
          1.95,
          1.94,
          1.93,
          2.06,
          2,
          2.13,
          2.1,
          2.1,
          2.25,
          2.39,
          2.31,
          2.36,
          2.55,
          2.58,
          2.5,
          2.47,
          2.22,
          2.29,
          2.15,
          1.95,
          1.78,
          1.67,
          1.81,
          1.44,
          1.28,
          1.36,
          1.26,
          1.23,
          1.26,
          1.16,
          1.2,
          1.1,
          1.09,
          1.04,
          0.9,
          0.95,
          0.98,
          1.27,
          1.17,
          1.36,
          1.4,
          1.3,
          1.3,
          1.27,
          1.35,
          1.22,
          1.12,
          1.07,
          1.06,
          0.84,
          0.83,
          0.71,
          0.67,
